3 10 2 9 7 4 8 1 11 6 0 13 14 15 5 12
10 11 9 2 3 6 7 12 15 8 14 5 0 13 4 1
10 1 6 8 3 0 14 2 11 4 15 13 7 5 9 12
13 12 1 15 5 2 0 11 10 7 14 6 3 4 9 8
8 11 2 5 13 15 0 14 12 3 10 9 4 7 1 6
3 5 11 10 7 9 0 1 8 6 13 15 14 12 4 2
10 3 12 0 13 8 1 6 2 14 5 7 4 15 11 9
14 9 3 6 5 11 0 4 1 15 12 2 8 10 13 7
11 12 13 3 6 2 7 0 1 5 8 9 14 15 10 4
10 11 9 5 8 4 3 6 1 7 12 0 2 14 15 13
2 1 13 14 5 0 8 4 9 10 12 15 7 3 6 11
6 5 13 0 9 8 12 3 2 15 4 10 14 1 7 11
11 13 15 8 5 10 2 6 9 4 12 14 1 7 3 0
11 9 3 0 10 8 2 4 12 7 5 1 14 15 6 13
2 10 4 11 7 5 9 6 0 15 12 8 3 14 1 13
12 7 0 15 9 8 3 5 14 6 11 10 4 2 1 13
6 0 2 9 12 13 4 3 5 10 1 8 14 7 15 11
4 12 3 5 6 9 0 7 8 10 11 2 13 14 15 1
1 0 8 2 9 15 10 12 6 7 13 5 4 11 3 14
2 5 9 7 10 6 4 15 13 14 12 1 11 3 8 0
10 1 14 6 4 0 11 3 8 7 5 9 13 12 15 2
2 9 8 7 4 0 11 3 5 1 15 14 10 13 12 6
14 6 15 3 11 4 0 12 9 10 5 2 1 13 8 7
13 15 12 8 14 7 9 11 6 0 5 1 2 4 3 10
13 7 0 12 2 5 9 10 11 15 6 14 8 1 3 4
1 7 3 10 6 13 4 9 5 14 2 15 12 11 8 0
4 7 10 9 6 11 0 8 15 2 13 3 12 5 14 1
7 12 9 1 10 15 14 4 13 8 3 6 0 11 2 5
0 14 10 1 8 4 12 11 6 9 3 7 15 2 5 13
0 11 6 14 10 2 4 8 1 13 9 12 7 5 15 3
13 0 1 3 6 5 4 8 7 14 12 9 10 2 11 15
2 15 0 6 1 14 7 13 8 3 5 12 4 9 10 11
9 15 7 3 12 8 2 5 11 1 0 6 4 13 14 10
15 11 14 2 5 0 10 6 12 3 4 8 7 9 13 1
12 6 11 5 4 8 13 10 2 14 15 9 0 3 1 7
0 1 6 8 11 13 2 15 12 4 7 3 5 14 10 9
7 14 2 3 11 4 13 10 6 1 15 8 0 12 9 5
3 4 0 1 14 6 5 7 13 9 15 8 10 11 2 12
0 5 10 12 4 3 2 9 6 11 14 15 1 8 7 13
15 0 13 6 9 7 11 1 4 5 3 8 2 10 14 12
5 1 15 2 4 3 14 10 7 12 9 6 11 13 0 8
11 14 2 5 13 4 12 10 9 3 6 7 8 1 0 15
7 11 8 5 12 9 4 3 14 6 15 2 13 1 0 10
1 4 5 8 2 6 12 14 3 13 7 0 10 11 9 15
12 0 7 8 2 15 3 9 10 6 4 1 5 14 11 13
0 9 12 13 15 5 6 7 1 14 3 10 11 8 4 2
15 4 11 5 10 14 9 1 6 13 2 12 0 3 7 8
9 5 0 4 2 11 1 10 7 6 3 8 13 14 15 12
0 7 6 15 2 12 14 8 5 13 1 11 3 4 10 9
7 6 1 2 12 9 13 4 14 15 8 10 0 11 5 3
